0.206798 164.796439 
0.316624 233.097826 
0.424009 241.373062 
0.531161 241.900299 
0.694326 154.935356 
0.811615 147.328081 
0.925000 299.158114 
1.047726 208.594554 
1.187485 132.227324 
1.314249 325.645566 
1.438335 280.449597 
1.564841 423.695007 
1.673535 401.864500 
1.786818 280.358381 
1.909473 193.715120 
2.014525 296.232303 
2.124608 131.537888 
2.225230 364.135330 
2.334257 305.242936 
2.437071 374.271427 
2.555265 143.492010 
2.670348 286.403026 
2.783093 106.434365 
2.909283 48.815390 
3.017833 470.934046 
3.118014 347.372860 
3.219877 689.552587 
3.325410 297.915916 
3.451254 161.469559 
3.562019 130.728158 
3.664481 414.590959 
3.787646 507.936347 
3.893318 224.089782 
3.996266 302.288232 
4.100262 355.397259 
4.237359 222.324829 
4.351957 346.252499 
4.453370 431.503835 
4.564279 269.049100 
4.672775 320.749797 
4.772795 347.929635 
4.879988 272.405789 
4.983045 322.929241 
5.086781 258.347111 
5.201879 286.366136 
5.321867 156.682639 
5.424081 259.063092 
5.524849 250.873472 
5.632439 269.170097 
5.733756 407.433357 
5.837467 128.048503 
5.952505 155.078717 
6.053539 444.998202 
6.156669 277.709799 
6.260009 494.673416 
6.373473 279.207844 
6.489381 225.696137 
6.602702 189.902920 
6.703788 258.790075 
6.816418 251.442909 
6.922048 373.379337 
7.029156 433.954108 
7.130974 381.071649 
7.239265 210.544761 
7.349936 102.646763 
7.464802 332.212395 
7.573806 311.181932 
7.684517 350.460254 
7.790107 274.268981 
7.901352 248.819619 
8.006268 319.493940 
8.130096 201.570149 
8.233246 361.413747 
8.336611 249.987764 
8.443619 322.221784 
8.553833 282.358149 
8.659924 249.596903 
8.760311 389.691795 
8.872111 176.028621 
8.996073 278.150976 
9.097319 225.193116 
9.201583 330.699071 
9.302007 248.547169 
9.413143 554.276196 
9.526513 119.254622 
9.628033 421.593138 
9.741436 103.700728 
9.843556 172.347361 
9.958770 310.377886 
10.064460 157.441580 
10.184134 336.914540 
10.297111 460.272349 
10.401498 354.067525 
10.509929 306.924047 
10.620071 184.487690 
10.721957 196.298399 
10.843970 338.326244 
10.956253 312.779223 
11.067259 241.429011 
11.182306 372.023027 
11.296849 371.562431 
11.404740 200.201453 
11.509192 306.360866 
11.616333 336.006081 
11.720726 242.162538 
11.831726 169.368423 
11.947554 284.560570 
12.076815 285.932886 
12.178314 221.481045 
12.288120 468.461098 
12.389782 184.927111 
12.494376 353.366343 
12.595623 85.336013 
12.697599 241.624580 
12.810013 419.163926 
12.919642 317.435941 
13.031111 273.437591 
13.135569 315.534591 
13.253346 225.510567 
13.356522 122.509791 
13.458752 169.029804 
13.567476 297.267900 
13.670722 274.295655 
13.773188 354.457795 
13.885701 248.859738 
13.990344 259.167637 
14.102554 268.782098 
14.208416 279.608748 
14.317357 282.722889 
14.427199 361.974769 
14.532885 258.878656 
14.642205 420.052905 
14.762681 409.042573 
14.868231 227.381700 
14.993543 191.522038 
15.111306 230.291654 
15.212997 221.062396 
15.314065 216.091467 
15.419605 536.672950 
15.525010 371.136533 
15.638754 235.618421 
15.745887 238.208197 
15.869197 190.089402 
15.969474 322.307572 
16.074614 251.854291 
16.177900 301.300731 
16.278216 248.812980 
16.379860 293.572705 
16.497570 322.149736 
16.644820 234.702088 
16.769841 151.014877 
16.873760 249.425146 
16.986998 296.719690 
17.110664 207.008728 
17.215484 406.032866 
17.327655 305.246196 
17.445898 81.189232 
17.563868 295.666626 
17.673666 384.709033 
17.801769 9.991952 
17.914863 232.018799 
18.022121 290.142026 
18.122728 327.611988 
18.235951 405.570855 
18.393322 156.572201 
18.497989 635.159076 
18.598270 348.619671 
18.700308 385.738291 
18.800795 147.283350 
18.908832 125.882846 
19.021973 220.609797 
19.150837 253.289206 
19.263124 394.705155 
19.396403 196.279360 
19.497866 331.154638 
19.617738 202.882639 
19.751741 282.382734 
19.853566 381.045594 
19.956766 167.441223 
20.071809 369.949187 
20.184412 304.077126 
20.284853 193.546200 
20.395012 164.853168 
20.513765 241.171900 
20.621431 332.139257 
20.723041 406.259039 
20.826101 155.249613 
20.929761 365.812157 
21.037781 242.176453 
21.145130 407.643472 
21.261147 384.771446 
21.362879 184.798178 
21.483765 310.376361 
21.586544 266.980134 
21.687178 180.455427 
21.790572 351.280216 
21.902652 264.096751 
22.004463 299.377233 
22.161189 181.208526 
22.274449 161.044386 
22.400387 347.472982 
22.518410 266.389190 
22.633031 252.658500 
22.743554 272.884175 
22.857577 378.168570 
22.962333 317.691513 
23.065350 257.044288 
23.173519 232.969823 
23.274894 88.384443 
23.380706 256.303909 
23.488574 399.747692 
23.591451 304.831109 
23.698712 585.487741 
23.799086 311.635195 
23.903566 424.195702 
24.007972 327.183312 
24.112482 133.193402 
24.212924 162.480564 
24.324711 283.398345 
24.437035 293.436752 
24.538047 301.743654 
24.639531 336.606699 
24.755621 230.854225 
24.895451 249.447261 
25.027704 193.567126 
25.154439 209.572651 
25.261869 269.570610 
25.363777 405.068617 
25.464297 168.722501 
25.573216 404.705758 
25.675613 171.880376 
25.792075 365.441283 
25.912499 82.375188 
26.012766 261.702821 
26.113928 253.059064 
26.231301 220.834334 
26.349131 287.872977 
26.457025 336.625525 
26.557375 205.679392 
26.662080 367.509466 
26.771000 279.838051 
26.882833 272.551222 
26.984725 323.478776 
27.093735 313.366747 
27.204018 108.810773 
27.307334 184.288824 
27.417961 464.987301 
27.528793 169.624915 
27.634003 240.282141 
27.772485 251.874623 
27.886126 401.260549 
27.988912 296.540225 
28.097020 190.919025 
28.212359 317.673448 
28.345288 190.176917 
28.448970 320.982243 
28.560577 308.940132 
28.668152 386.706269 
28.778132 346.973322 
28.881619 312.309158 
28.984827 83.714444 
29.096311 223.888246 
29.202143 281.957678 
29.303803 309.265278 
29.407168 354.472901 
29.516019 336.604970 
29.621288 345.023169 
29.726815 385.112914 
29.856545 192.400514 
29.971091 263.997770 

