0.231082 134.266888 
0.333631 246.516489 
0.438898 167.194739 
0.547914 311.147010 
0.653647 248.172060 
0.767169 155.035933 
0.870428 322.294464 
1.001219 139.459858 
1.137074 188.435623 
1.332999 215.592883 
1.447607 78.179350 
1.551463 166.384463 
1.675174 204.347049 
1.795290 245.762608 
1.898683 335.806291 
2.004824 361.784081 
2.106669 505.866321 
2.208454 506.162310 
2.310860 503.095586 
2.414087 499.096864 
2.516714 502.012513 
2.619921 499.188983 
2.721809 505.653792 
2.825357 497.545177 
2.928166 501.124003 
3.030256 504.655797 
3.133006 501.411714 
3.233756 511.362744 
3.335539 451.940211 
3.437331 506.133042 
3.540689 472.142732 
3.643042 503.358669 
3.744406 402.509433 
3.846859 502.862230 
3.950653 496.367590 
4.053248 502.170787 
4.155643 503.149003 
4.257659 505.020578 
4.360575 500.601528 
4.461892 508.504395 
4.563149 508.803028 
4.665867 501.568394 
4.768245 503.231647 
4.869923 506.695626 
4.972662 501.467810 
5.073860 509.098968 
5.175339 507.694253 
5.275972 493.672800 
5.377490 507.494213 
5.480129 501.956393 
5.581687 507.294330 
5.684026 503.427848 
5.784644 512.033594 
5.887802 499.426130 
5.988581 511.220669 
6.089739 509.300271 
6.192418 501.760843 
6.295536 499.619864 
6.396386 456.122711 
6.498324 505.403273 
6.599332 464.917076 
6.703965 407.518428 
6.804103 514.487954 
6.910970 431.190357 
7.014269 498.749264 
7.117304 449.553563 
7.219583 503.723176 
7.321241 506.795317 
7.423760 502.543938 
7.524978 508.998369 
7.625696 511.525213 
7.728895 499.232551 
7.831133 503.920254 
7.932072 510.410320 
8.035310 499.039122 
8.136908 507.094610 
8.239627 501.565450 
8.341825 504.117486 
8.443204 508.195050 
8.544922 506.496371 
8.648360 498.074221 
8.751259 500.688067 
8.854077 501.077633 
8.955736 506.795312 
9.057174 507.894456 
9.159012 505.899548 
9.260611 507.094605 
9.362129 507.494218 
9.463208 509.703364 
9.564426 508.998369 
9.666044 506.994806 
9.768663 502.054217 
9.869061 513.155593 
9.969860 511.119234 
10.072678 501.077633 
10.175536 500.882772 
10.276175 511.931837 
10.379213 500.007769 
10.480391 509.199597 
10.582410 505.006950 
10.684548 504.413624 
10.785427 510.713899 
10.886785 508.295321 
10.986839 496.534572 
11.089237 503.132866 
11.189570 495.148901 
11.291349 506.197784 
11.392667 508.495994 
11.494526 505.800219 
11.597284 501.370209 
11.699762 502.740095 
11.801041 508.696830 
11.902519 507.694253 
12.004238 506.496371 
12.106196 505.304134 
12.208054 505.800214 
12.308208 496.038799 
12.409638 453.514502 
12.512429 474.747407 
12.626909 356.395976 
12.728980 487.503008 
12.838400 392.615750 
12.940598 504.117491 
13.042401 434.566914 
13.144719 503.526252 
13.246724 349.004683 
13.348242 507.494218 
13.451360 499.619859 
13.553419 504.809016 
13.654077 511.830121 
13.755876 506.098333 
13.858594 501.565455 
13.959492 510.612661 
14.061351 505.800214 
14.162609 508.797305 
14.264148 507.394252 
14.365446 508.596390 
14.466984 507.394257 
14.569043 504.809016 
14.671601 502.347935 
14.774140 502.445923 
14.875338 509.098963 
14.976476 509.400984 
15.077475 510.107101 
15.180153 501.760843 
15.281912 506.297274 
15.382350 512.951232 
15.482703 495.050215 
15.583417 493.280660 
15.685175 506.297274 
15.786694 507.494218 
15.889152 502.838230 
15.991610 502.838230 
16.093429 505.998926 
16.195407 505.205029 
16.296746 508.395638 
16.397059 495.247622 
16.498378 508.495994 
16.600116 506.396803 
16.701954 505.899553 
16.805073 499.619859 
16.906891 505.998921 
17.008190 508.596395 
17.110228 504.907961 
17.211926 506.595979 
17.314505 502.249996 
17.415803 508.596390 
17.518082 503.723176 
17.619840 506.297279 
17.721918 504.710110 
17.821992 496.435338 
17.923030 509.905155 
18.025029 505.105967 
18.127767 501.467810 
18.229085 508.495999 
18.330144 509.804237 
18.432122 505.205029 
18.532861 511.423658 
18.635259 503.132866 
18.738137 500.785398 
18.840616 502.740099 
18.942054 507.894451 
19.042213 514.385219 
19.143471 508.797305 
19.245249 506.197784 
19.348201 500.430499 
19.449866 488.664023 
19.550741 492.490428 
19.651836 491.419794 
19.753300 489.628345 
19.854420 491.296914 
19.956101 488.590012 
20.057176 491.517032 
20.158251 491.515924 
20.259695 489.725982 
20.361141 489.720459 
20.462111 492.027335 
20.563135 491.764197 
20.664931 488.035028 
20.766046 491.322593 
20.866985 492.174129 
20.968751 488.182735 
21.069661 492.319889 
21.170975 490.352705 
21.271851 492.489310 
21.373131 490.521879 
21.474461 490.279286 
21.575861 489.940278 
21.677151 490.472900 
21.778535 490.014698 
21.879465 492.222332 
21.980815 490.183643 
22.082750 487.369125 
22.183301 494.080300 
22.284486 490.982141 
22.385821 490.254819 
22.487016 490.934176 
22.588236 490.811540 
22.689651 489.868087 
22.790880 490.766933 
22.892191 490.372753 
22.993561 490.085824 
23.094406 492.637494 
23.195826 489.844763 
23.296871 491.661299 
23.398431 489.169513 
23.499321 492.417484 
23.600751 489.795918 
23.702466 488.423263 
23.803565 491.396326 
23.910833 489.242825 
24.018835 690.356403 
24.123484 656.673344 
24.226140 677.992889 
24.329249 675.788250 
24.431079 699.204419 
24.532972 599.058681 
24.633335 663.194891 
24.734976 685.551256 
24.837275 623.268934 
24.939590 743.585229 
25.047601 679.194755 
25.149049 659.250753 
25.249941 718.389943 
25.352960 691.137308 
25.455051 702.901920 
25.556769 618.178677 
25.657028 636.754601 
25.757644 744.213538 
25.862473 723.460973 
25.964032 686.107150 
26.071854 706.345279 
26.174242 656.328548 
26.279438 688.241242 
26.380426 650.370000 
26.489900 720.536100 
26.593536 687.023209 
26.702120 635.822849 
26.802787 646.882152 
26.903427 689.187635 
27.006905 691.161647 
27.109796 703.660182 
27.216797 657.192110 
27.317438 732.101475 
27.419606 682.015727 
27.519847 664.000529 
27.623729 647.659085 
27.728993 679.433687 
27.831304 695.915779 
27.933783 691.657018 
28.038068 698.086471 
28.140902 665.927145 
28.242031 649.465322 
28.342661 649.508131 
28.444266 615.719161 
28.549328 744.705197 
28.658049 711.546872 
28.766739 660.225645 
28.875681 687.335617 
28.976639 690.189865 
29.083484 680.610254 
29.186660 648.214918 
29.291257 613.402225 
29.393383 670.545103 
29.494784 659.557723 
29.599808 680.986892 
29.700496 649.131160 
29.808087 681.843275 
29.910616 614.070669 

