0.231082 134.266888 
0.333631 246.516489 
0.438898 167.194739 
0.547914 311.147010 
0.653647 248.172060 
0.767169 155.035933 
0.870428 322.294464 
1.001219 139.459858 
1.118462 286.582362 
1.223060 165.205137 
1.324113 170.998617 
1.568933 104.566539 
1.669236 174.671907 
1.770157 455.801729 
1.871172 294.608691 
1.972189 349.247759 
2.075201 449.659245 
2.178014 501.100198 
2.280048 504.930877 
2.382502 502.860954 
2.482811 495.269656 
2.584765 505.327076 
2.688118 498.482068 
2.790532 503.057357 
2.893706 499.351730 
2.995420 506.519427 
3.096933 507.517360 
3.198687 506.320311 
3.300981 503.647490 
3.403735 501.392800 
3.514755 464.059113 
3.616689 505.426224 
3.717985 463.592893 
3.820838 500.905319 
3.923083 399.042123 
4.024457 508.218260 
4.125392 465.248761 
4.228406 500.127318 
4.329451 403.781117 
4.429725 513.793393 
4.533018 498.771615 
4.634912 505.624637 
4.737486 502.272662 
4.840020 502.468606 
4.940994 510.231524 
5.042767 506.220812 
5.143056 495.368430 
5.244550 507.617369 
5.346604 504.831919 
5.448718 504.535289 
5.550891 504.239009 
5.651845 510.332606 
5.755039 499.254955 
5.858697 514.767007 
5.961131 502.959136 
6.063685 502.370615 
6.166419 501.490415 
6.269072 501.881231 
6.370606 507.417389 
6.472720 504.535289 
6.572734 515.129072 
6.674568 505.922549 
6.777421 500.905319 
6.880335 500.613285 
6.980909 512.260806 
7.084043 499.545406 
7.186076 504.930872 
7.288090 505.029865 
7.391561 462.352735 
7.494733 472.995683 
7.596827 504.634127 
7.699191 398.579284 
7.815463 459.609162 
7.917906 484.953876 
8.029224 402.448977 
8.131198 505.227967 
8.233632 502.959136 
8.335346 506.519427 
8.437919 502.272662 
8.538388 494.480929 
8.639422 509.928517 
8.741816 503.155617 
8.843730 505.525411 
8.944824 509.625870 
9.047137 503.549043 
9.148351 509.021653 
9.250825 502.762809 
9.351039 514.101011 
9.452732 506.619044 
9.555286 502.370615 
9.655360 514.820222 
9.756734 508.218255 
9.858527 506.121352 
9.961441 500.613290 
10.063295 505.823206 
10.165069 506.220812 
10.267203 504.436491 
10.368396 509.122256 
10.470290 505.624637 
10.572284 505.128897 
10.673218 510.433728 
10.776971 496.560279 
10.879105 504.436491 
10.982299 499.254950 
11.085453 499.448547 
11.186666 509.021653 
11.287760 509.625870 
11.390454 501.685745 
11.493428 500.321592 
11.595022 507.117715 
11.695935 510.534895 
11.798389 502.860954 
11.899603 509.021653 
12.001597 505.128897 
12.104430 501.002740 
12.206844 503.057357 
12.309038 504.140326 
12.411352 503.549038 
12.512985 506.918129 
12.615979 500.224441 
12.719673 496.847597 
12.822367 501.685745 
12.922641 513.793393 
13.025474 501.002740 
13.125528 514.923131 
13.228062 502.468606 
13.330776 501.588059 
13.432669 505.624637 
13.532783 514.614533 
13.635237 502.860954 
13.737291 504.831919 
13.838644 508.318541 
13.939958 508.519232 
14.041412 507.817507 
14.148792 437.325240 
14.249085 388.462508 
14.351365 432.535623 
14.452899 441.235163 
14.557620 430.855980 
14.660071 458.367060 
14.760975 404.346431 
14.863206 453.090039 
14.966516 472.364330 
15.068230 506.519427 
15.169304 509.726713 
15.271777 502.762814 
15.371886 496.259117 
15.471935 496.556732 
15.573509 507.217567 
15.676203 501.685745 
15.778017 506.021931 
15.879850 505.922549 
15.981624 506.220812 
16.083178 507.317459 
16.186192 500.127323 
16.288425 503.943076 
16.390019 507.117715 
16.491793 506.220812 
16.593667 505.723902 
16.693716 496.556732 
16.794870 509.323582 
16.896823 505.327076 
16.998417 507.117715 
17.100451 504.930872 
17.202905 502.860954 
17.304258 508.318541 
17.407612 498.482063 
17.507886 513.793393 
17.610740 500.905324 
17.713133 503.155617 
17.814767 506.918129 
17.917981 499.158208 
18.019795 506.021931 
18.120849 509.827595 
18.222242 508.118009 
18.323596 508.318541 
18.424650 509.827595 
18.527704 499.933200 
18.631117 498.192847 
18.731811 511.650329 
18.833345 507.417389 
18.936743 516.061415 
19.039917 499.351730 
19.142111 504.140326 
19.243365 508.820565 
19.344479 509.525068 
19.447592 499.642293 
19.549846 503.844509 
19.652080 503.943076 
19.753774 506.619044 
19.856827 499.933200 
19.960281 498.000223 
20.062195 505.525411 
20.162489 513.690935 
20.265762 498.868207 
20.368716 500.418785 
20.471730 500.127318 
20.573344 507.017902 
20.675418 504.733003 
20.776751 508.418872 
20.878205 507.817507 
20.980759 502.370615 
21.081193 512.974874 
21.182926 506.419850 
21.283445 494.237050 
21.384625 491.003963 
21.486215 489.024510 
21.586815 493.839168 
21.688561 488.276317 
21.789911 490.182536 
21.890841 492.222332 
21.991935 491.422210 
22.093425 489.506355 
22.194624 490.915567 
22.295535 492.311200 
22.397215 488.593803 
22.498240 491.760546 
22.599871 488.827757 
22.700970 491.396822 
22.802011 491.684295 
22.903335 490.304553 
23.004670 490.258326 
23.105968 490.430945 
23.207480 489.401329 
23.308254 492.987031 
23.409965 488.438994 
23.510790 492.736027 
23.611944 491.130721 
23.713179 490.742602 
23.814290 491.341734 
23.916081 488.059393 
24.017353 490.557402 
24.118225 492.506427 
24.219710 489.531543 
24.320681 492.022998 
24.422100 489.846361 
24.523250 491.151755 
24.625094 487.805419 
24.726065 492.022998 
24.827065 491.879016 
24.928190 491.274260 
25.029471 490.519172 
25.131035 489.145952 
25.231950 492.298755 
25.333329 490.039634 
25.434750 489.842063 
25.535570 492.757198 
25.637605 486.890689 
25.738110 494.304863 
25.839371 490.616054 
25.940715 490.207793 
26.042045 490.279286 
26.143410 490.111077 
26.244864 489.682745 
26.345675 492.799547 
26.446980 490.401356 
26.548284 490.405664 
26.649617 490.262627 
26.751030 489.879618 
26.852110 491.494051 
26.953624 489.389025 
27.057371 548.254566 
27.158544 642.864827 
27.268173 722.433755 
27.368447 691.702880 
27.475571 656.438241 
27.576990 683.895536 
27.677001 693.520016 
27.781624 733.302414 
27.883301 618.427177 
27.989941 699.927823 
28.099518 689.195851 
28.201009 698.385632 
28.305055 657.404649 
28.413850 663.265379 
28.514039 652.365835 
28.622380 702.962716 
28.723428 646.821870 
28.827794 735.106310 
28.934040 621.200950 
29.036748 720.484889 
29.141269 737.079630 
29.242361 701.141772 
29.344802 667.701591 
29.445246 705.668659 
29.550623 693.132234 
29.652052 631.767724 
29.754587 637.444989 
29.857823 647.835242 
29.962410 733.551284 

